8.20258801e-01
1.00000000e+00
9.93446611e-01
9.99966034e-01
9.99999998e-01
9.70384435e-01
9.88540508e-01
9.99995051e-01
8.69074534e-01
9.99991991e-01
9.97957101e-01
9.94432258e-01
9.99393187e-01
8.84996527e-01
6.51677137e-08
9.99759484e-01
8.67805264e-01
9.77714788e-01
9.78054889e-01
9.99999933e-01
9.82916491e-01
9.94060919e-01
9.99971813e-01
9.99567970e-01
9.27433778e-01
9.99942978e-01
9.99999737e-01
9.99999987e-01
9.99999973e-01
9.56469714e-01
9.87828894e-01
9.98560962e-01
9.26281347e-01
9.97530907e-01
9.99996373e-01
9.75824948e-01
6.10973803e-03
8.82324730e-01
9.87943430e-01
9.99989754e-01
1.41202257e-02
1.37591999e-07
1.47411755e-09
9.50874880e-01
2.54909536e-05
2.41575999e-07
9.99972271e-01
2.37238150e-01
1.21162157e-01
5.54503371e-02
2.84046083e-09
1.76371692e-03
9.33825224e-02
2.17867016e-04
6.92076274e-04
9.91807932e-01
1.84717605e-05
2.04811047e-01
2.24100511e-01
9.99995336e-01
9.89829660e-01
9.77275750e-01
7.02139800e-01
9.99998365e-01
9.99523690e-01
9.99999216e-01
9.99994766e-01
9.99574301e-01
1.17408642e-07
9.93264031e-01
8.05708326e-01
9.96491132e-01
9.99848874e-01
9.34736096e-01
9.99870195e-01
9.86125500e-01
9.99986406e-01
9.99817947e-01
1.87886313e-10
3.32595603e-07
5.24188388e-03
2.88133698e-05
6.35894136e-01
1.77171837e-02
4.13238652e-09
2.47642541e-03
9.76367359e-03
1.57762497e-01
1.19326167e-02
4.44752304e-03
2.31050513e-07
6.24767277e-03
2.30762922e-03
1.79287804e-01
8.33300456e-05
3.03364141e-07
9.83702400e-01
9.51914776e-01
2.10185034e-04
1.60861663e-03
9.90631113e-01
8.30697517e-01
9.99994698e-01
9.99999829e-01
9.99856595e-01
6.37370257e-01
2.17215211e-07
9.98596897e-01
9.74534285e-01
9.96832485e-01
9.75978120e-01
4.16367415e-05
9.99957880e-01
9.87447979e-01
7.41023842e-01
7.50011599e-01
9.93713151e-01
8.33719764e-01
6.24737438e-01
9.80249626e-01
5.41959109e-01
9.99999998e-01
9.99997427e-01
3.11867280e-03
4.07836286e-01
9.99997044e-01
9.97886714e-01
8.34413898e-01
9.90215129e-01
9.67205987e-01
9.99942357e-01
9.95760890e-01
9.99997401e-01
9.96219261e-01
9.74928542e-01
9.99999998e-01
9.99967473e-01
7.98312240e-01
9.99999538e-01
9.70291811e-01
9.72503431e-01
9.99995126e-01
9.38079815e-01
1.26672338e-02
9.98046003e-01
9.99998838e-01
9.99999675e-01
9.07078824e-01
9.99998947e-01
9.97851127e-01
9.99999885e-01
6.22156003e-01
9.99731705e-01
9.98094802e-01
9.91446921e-01
9.68995892e-01
9.99398868e-01
9.71798169e-01
9.56948893e-01
5.55133969e-01
9.47901476e-01
8.43873553e-06
9.99999957e-01
9.99828671e-01
9.72381636e-01
9.98814275e-01
9.96594594e-01
9.91373072e-01
9.94614166e-01
9.99897328e-01
9.99855237e-01
9.99997618e-01
9.99999998e-01
9.84221598e-01
9.78756402e-01
9.99802177e-01
9.68792701e-01
7.33680332e-01
2.46712653e-01
9.99995752e-01
9.96599174e-01
9.98998238e-01
9.99484876e-01
7.22234985e-01
9.99999609e-01
1.73552282e-03
9.97003887e-01
9.99998151e-01
9.73215342e-01
9.99978696e-01
9.99999708e-01
9.99986438e-01
9.99999674e-01
9.99005020e-01
9.95991657e-01
9.99954687e-01
9.99934337e-01
6.91726342e-01
9.99999999e-01
9.99999982e-01
9.99738217e-01
8.43444870e-03
9.50577993e-07
1.60385776e-15
6.15044906e-05
9.96037106e-01
1.04136827e-02
1.74581141e-03
1.00000000e+00
3.71546354e-01
2.42274886e-01
1.09854910e-03
1.39552401e-01
2.40936423e-08
5.63902454e-01
1.51388142e-05
6.72278358e-09
1.94201456e-05
5.57513777e-04
9.82936293e-01
1.39607810e-05
9.81969771e-06
4.61895346e-03
3.24247047e-03
3.50067611e-08
7.13097634e-01
9.61449101e-01
1.08929928e-04
1.46414377e-02
9.98051547e-01
8.55981102e-01
2.87936514e-11
3.10800349e-01
9.02593834e-01
2.82567909e-03
9.99643115e-01
3.56600799e-01
8.13911467e-02
1.36688656e-04
1.50828193e-01
9.83284738e-01
1.81069393e-05
8.80071501e-04
5.17888622e-04
4.39455249e-15
9.99570458e-01
6.89752336e-03
1.85985672e-03
3.40433550e-04
2.29455041e-04
1.28020909e-03
9.76244009e-01
5.34619049e-02
8.95311579e-07
7.95072807e-08
3.57088770e-01
5.24361753e-05
5.20184539e-02
7.18926952e-02
2.73747580e-03
9.85886661e-01
9.98568495e-01
9.96629475e-01
5.54183820e-02
9.78533091e-01
3.71305194e-01
9.99971593e-01
1.77773477e-03
8.07328398e-01
9.45083606e-01
9.99992960e-01
9.99972306e-01
9.00622581e-01
9.99999993e-01
9.99671286e-01
9.99987714e-01
9.95809726e-01
9.90771881e-01
9.84352731e-01
9.98155751e-01
9.92087351e-01
9.95362879e-01
9.35353957e-01
9.99999781e-01
9.74227620e-01
9.99991016e-01
8.68554906e-01
9.61903116e-01
9.87014411e-01
9.99999952e-01
7.34853537e-03
9.61822082e-01
8.18321041e-01
6.84253996e-01
9.44861756e-01
2.57950921e-04
9.99988314e-01
7.31812831e-06
1.91567286e-05
9.99999744e-01
1.45954714e-02
9.99993376e-01
8.03635331e-02
7.82446358e-01
1.46502752e-08
1.51207189e-03
6.03558962e-10
3.94547268e-09
6.00459971e-01
2.74883392e-01
7.38016298e-02
1.30944197e-08
5.85785395e-04
7.44704847e-02
9.47721400e-01
3.11935132e-01
1.45824703e-05
1.74441717e-05
9.19256013e-01
4.18920050e-02
1.75209673e-07
5.56424450e-06
1.37252098e-05
8.42297969e-01
2.67691443e-07
2.77413871e-11
3.07557384e-07
3.66766155e-07
1.44487553e-03
5.29482697e-02
1.16766730e-02
1.70703340e-07
1.18444172e-07
8.99096366e-01
5.20927801e-01
2.78604717e-06
8.39975936e-01
9.99652457e-01
2.99316229e-09
6.36044340e-03
9.99999995e-01
9.13731850e-01
9.99999593e-01
9.99451712e-01
2.94576148e-02
9.99956382e-01
9.57171547e-01
9.90988591e-01
2.30423612e-01
9.98039152e-01
9.94611141e-01
9.99913598e-01
9.99853938e-01
9.74764885e-01
9.23606876e-01
9.99900392e-01
9.89493218e-01
9.79074536e-01
8.99180670e-01
9.94021202e-01
9.99960677e-01
7.62008867e-01
9.99522064e-01
9.84427234e-01
9.99999969e-01
9.98523587e-01
9.99996707e-01
8.28699446e-01
9.99994223e-01
9.99999760e-01
9.99903715e-01
3.31838817e-02
9.99994708e-01
9.40629051e-01
9.99975996e-01
9.94213997e-01
9.99999999e-01
9.99992588e-01
8.85253605e-01
9.76840277e-01
9.99737718e-01
9.99998444e-01
7.78108506e-01
4.65600665e-01
9.44642683e-01
8.68623246e-01
9.91427201e-01
9.99999974e-01
9.99995628e-01
1.80230819e-11
9.99895946e-01
9.99973519e-01
9.99888517e-01
8.62059494e-01
9.98565741e-01
8.88156746e-01
9.99956696e-01
9.91405847e-01
9.99999787e-01
9.36148780e-01
5.64730239e-07
1.99970595e-01
4.21238044e-03
9.99999918e-01
6.90518405e-07
1.60677279e-07
1.29051846e-02
1.16254308e-05
4.45847542e-11
1.63103478e-11
7.69923667e-05
1.15689856e-02
1.35722227e-01
8.85181434e-09
9.95851404e-01
5.56421722e-03
2.31125353e-02
3.54498657e-02
1.38932604e-05
4.37841425e-01
9.26191663e-05
8.50079494e-01
9.97776243e-01
9.99999728e-01
9.75249271e-01
9.95132762e-01
9.99959865e-01
9.99989288e-01
9.99477870e-01
9.98994419e-01
9.98547627e-01
9.98783742e-01
9.99895395e-01
9.99974157e-01
9.96326729e-01
9.82122760e-01
9.99999931e-01
9.99947062e-01
9.96847785e-01
9.99999608e-01
9.99408920e-01
7.59189789e-01
9.99986990e-01
9.99926866e-01
9.92382786e-01
4.40032480e-04
9.98028644e-01
8.74865162e-01
4.36614989e-05
4.61423462e-01
9.58902786e-01
9.78998201e-01
9.99309067e-01
8.83514496e-01
9.99999671e-01
9.62773866e-01
9.72676340e-01
1.74740571e-04
7.68528086e-01
8.46241194e-01
8.29330270e-01
4.90601321e-06
3.36257400e-01
1.82717975e-05
2.75922663e-03
2.42705711e-03
1.45418942e-07
2.77648847e-04
1.03404117e-02
2.10684673e-02
8.01353799e-08
6.63093502e-01
1.36446977e-05
6.50190494e-01
1.00675992e-08
9.91000306e-01
9.99982136e-01
9.99995259e-01
1.23062281e-05
1.73247645e-03
8.34116271e-03
9.46607245e-01
9.98700033e-01
9.88800361e-01
8.50013879e-01
8.51596491e-01
9.57856199e-01
9.99989697e-01
9.99994246e-01
9.99871731e-01
3.36322712e-06
9.99954161e-01
9.99973020e-01
9.99999998e-01
1.32403620e-04
9.99999993e-01
1.00000000e+00
9.99678928e-01
9.99917684e-01
9.98808692e-01
8.05375573e-04
1.63766153e-01
9.88270048e-07
9.64430144e-01
2.31577096e-02
3.96202811e-03
1.00000000e+00
7.07162729e-01
1.03404747e-02
1.19896926e-02
9.26953205e-09
3.01386011e-01
9.97184272e-01
8.46406276e-02
6.55381316e-01
2.69701779e-07
1.18303391e-05
9.73742909e-01
3.73263561e-10
5.31449444e-02
7.20188512e-03
6.00557112e-01
5.68560130e-01
2.93688518e-03
4.17600849e-01
1.33229898e-03
1.56185534e-08
8.01078850e-02
5.43716843e-08
5.35629262e-05
9.75093627e-01
5.62056907e-01
5.85952420e-04
2.79565624e-07
2.08104479e-04
5.09247070e-05
5.19338730e-01
1.66137046e-01
4.29699217e-13
4.08825833e-05
1.50803168e-06
1.43574292e-04
1.50864781e-08
7.43809070e-16
5.03762650e-03
1.18206343e-02
3.55569410e-02
5.54906164e-08
1.28221708e-03
7.78989583e-01
1.59239018e-08
2.37320830e-03
5.93063634e-06
5.79916428e-04
3.09434050e-04
9.94114928e-01
5.43038007e-03
1.00000000e+00
1.51573749e-09
8.63922651e-01
8.02705303e-01
9.97981680e-01
9.97617073e-01
9.99999748e-01
9.78633943e-01
6.48628836e-01
9.99537796e-01
1.00000000e+00
9.99983590e-01
9.92052323e-01
9.99997182e-01
9.99927760e-01
9.99804032e-01
9.87142345e-01
9.99512973e-01
9.99944114e-01
9.99719672e-01
9.99934107e-01
5.69311437e-07
9.99764924e-01
7.71621374e-11
1.82550467e-06
1.55817761e-01
5.14192555e-10
1.97025706e-01
9.92791038e-01
6.04055921e-03
4.98239939e-14
2.08867452e-07
1.70503254e-01
1.92261793e-05
1.26776426e-13
9.12913398e-01
9.63501916e-01
7.70410293e-10
1.72396744e-01
2.74026035e-04
1.76578132e-07
9.99851880e-01
1.02711757e-02
9.99999957e-01
9.99772183e-01
9.99652219e-01
9.99913036e-01
1.00000000e+00
9.99620311e-01
9.04247998e-01
9.99981832e-01
9.98638311e-01
9.97538358e-01
9.99999976e-01
9.93257332e-01
7.91641802e-01
9.99074960e-01
9.96783267e-01
9.78052914e-01
9.96103542e-01
9.94051824e-01
9.99998966e-01
9.99997297e-01
9.58506566e-01
1.00000000e+00
2.49238095e-02
9.77462171e-01
9.88348990e-01
9.99004155e-01
9.99896239e-01
9.96870935e-01
9.99999906e-01
9.99993863e-01
9.99762960e-01
6.00907860e-01
9.98069702e-01
4.02246449e-01
9.99958149e-01
9.99976618e-01
9.97183845e-01
9.83451256e-01
9.99639965e-01
8.77745700e-01
9.99996204e-01
9.99875379e-01
9.72298531e-01
9.98672297e-01
9.36104153e-01
9.95861796e-01
9.99999540e-01
8.86510625e-01
9.99999979e-01
9.85437158e-01
9.99618263e-01
9.13871027e-01
9.99987195e-01
9.55335940e-07
1.11111737e-07
9.99963665e-01
9.99969544e-01
6.37409752e-01
9.99993388e-01
9.99955074e-01
2.72238714e-07
6.97495002e-05
2.23432094e-02
9.73584672e-01
9.99995255e-01
5.76236108e-03
1.98650060e-02
4.08997443e-02
6.44952607e-09
6.64937083e-02
3.31982015e-07
1.36230058e-04
9.98987216e-01
2.11669632e-05
9.93056479e-01
1.98072420e-03
1.33224349e-01
8.36131835e-01
1.90735578e-05
2.38538299e-04
7.82901158e-01
9.99999996e-01
9.99557204e-01
9.91936698e-01
9.48406287e-01
9.99998529e-01
9.70062253e-01
9.99999202e-01
9.93577990e-01
9.99921085e-01
9.99999316e-01
9.98618817e-01
2.13439909e-01
9.99983776e-01
9.99985932e-01
1.04620335e-07
9.73987708e-01
9.99520967e-01
8.95347029e-01
8.17639836e-02
9.13392485e-04
3.00426026e-12
5.38760567e-01
9.99985988e-01
1.38605020e-02
1.00382790e-04
2.01105007e-01
1.67884031e-10
8.26805176e-02
9.99996424e-01
2.22305932e-06
1.02534348e-01
2.71395864e-07
4.74112939e-01
3.99222980e-03
3.45007112e-01
9.44711899e-01
4.00187082e-05
1.82748945e-03
2.26666503e-02
9.99448703e-01
9.97933624e-01
9.91582088e-01
3.74608621e-01
9.99741907e-01
4.89383024e-03
9.99906403e-01
9.99999565e-01
8.92387320e-01
8.66107519e-01
9.99537405e-01
9.99999960e-01
9.98959974e-01
9.98974996e-01
9.99974851e-01
9.66864392e-01
9.99711427e-01
7.20007297e-01
9.99999998e-01
9.99998949e-01
3.75989202e-10
2.75914753e-05
3.93830514e-05
4.93235530e-04
2.98487110e-01
3.62452453e-02
9.99838524e-01
1.37457170e-02
2.74888139e-02
1.71055381e-03
5.60720161e-05
1.70409861e-02
9.04891303e-01
5.60228667e-07
4.44264317e-10
9.45333773e-01
4.27221954e-04
2.75273561e-03
2.05363475e-03
9.87800445e-01
2.39831684e-02
1.87773029e-09
5.89989961e-04
1.89281654e-08
2.61668731e-02
2.18557469e-04
8.06478525e-04
4.91438404e-03
9.96069190e-01
5.51543847e-02
1.62510556e-05
1.20543968e-04
7.03385310e-05
7.04637605e-01
8.27930628e-10
9.86455374e-02
9.99998334e-01
4.26482201e-01
9.75313613e-01
1.79448875e-06
9.99724073e-01
9.99996786e-01
8.49857740e-01
7.58522510e-01
7.32534272e-01
1.00000000e+00
9.93422283e-01
9.81404816e-01
3.59705301e-06
9.99223892e-01
9.99871429e-01
9.99761156e-01
9.96591953e-01
2.19192322e-03
9.63137004e-01
9.95085892e-01
9.95959392e-01
1.42204209e-08
9.99999454e-01
9.99998695e-01
2.03699393e-06
7.94102345e-03
8.30084642e-08
7.43257887e-08
3.77977029e-04
5.60809747e-01
1.01985839e-04
9.98272397e-01
3.48839231e-09
6.32277404e-04
7.58672810e-10
2.04143081e-02
1.93949777e-03
3.86317963e-03
9.89528504e-01
6.31853375e-02
9.95651195e-01
8.40569496e-03
6.08327947e-02
6.88120592e-06
9.99412783e-01
9.99976813e-01
9.69091534e-01
8.94508577e-01
6.14688836e-01
9.99802262e-01
9.99986607e-01
9.50649036e-01
9.88114940e-01
9.78094578e-01
1.44335057e-10
9.99735162e-01
1.11587142e-05
9.99734267e-01
9.99999946e-01
9.99840450e-01
9.98836961e-01
7.73617827e-01
9.55566995e-01
6.60211402e-02
9.99998624e-01
8.84463631e-01
9.98483160e-01
9.67244405e-01
9.99999982e-01
9.99043029e-01
9.86970905e-01
9.99991213e-01
9.99923702e-01
9.97195155e-01
9.62626509e-01
8.37062139e-01
9.98729809e-01
7.18480613e-01
9.99986552e-01
9.99838050e-01
1.66352295e-05
8.87834050e-01
9.99614368e-01
9.88053785e-01
7.73662241e-06
1.23647781e-04
9.98598705e-01
9.87066743e-01
6.29061251e-04
5.64841798e-03
4.47358714e-03
2.05987403e-01
2.59138722e-05
2.85775280e-04
7.29375618e-07
6.85216240e-02
4.13019051e-06
1.23644496e-03
3.25183829e-02
1.40608650e-03
2.76028205e-01
1.00000000e+00
4.51094570e-02
1.63331717e-04
9.90035043e-01
9.99994209e-01
9.99981501e-01
9.99772358e-01
2.79765072e-01
4.65565205e-04
5.86110479e-01
9.99999056e-01
9.80277443e-01
9.99964221e-01
9.99999904e-01
8.58174186e-01
9.99991880e-01
9.98358134e-01
9.99999946e-01
9.74963846e-01
9.12961838e-01
9.98377920e-01
9.99999309e-01
1.20128294e-03
7.97488164e-02
3.47834932e-01
3.49782075e-04
4.88914115e-01
1.31340551e-03
3.25620836e-06
3.50352913e-01
9.48800697e-03
1.90406646e-01
6.17237382e-06
3.44818999e-02
4.95666051e-02
9.80982968e-01
5.61327256e-03
7.73755944e-01
9.28234781e-01
9.99245903e-01
1.17991618e-05
1.70641584e-02
8.62860140e-01
9.99942991e-01
9.99990640e-01
9.99993247e-01
9.68804245e-14
3.14188219e-01
9.98427879e-01
4.83912265e-08
9.92161915e-01
1.20012345e-08
9.99999337e-01
1.63196766e-04
9.99971332e-01
9.87305221e-01
9.24996226e-01
9.99999785e-01
9.99788986e-01
9.93798667e-01
8.38423175e-01
9.99999995e-01
9.92607399e-01
9.97222098e-01
1.89597001e-03
2.94193623e-04
9.41828160e-01
1.54768832e-09
6.14589736e-02
7.43370471e-04
1.32225184e-08
2.69459994e-09
2.61566781e-06
7.25543604e-05
2.57595310e-06
8.46363490e-08
6.34043946e-02
9.99989157e-01
8.91231553e-05
9.71168169e-01
3.65177754e-04
5.38445111e-07
3.30201098e-05
9.99999672e-01
9.99902250e-01
3.91286714e-01
9.99999998e-01
9.84066952e-01
9.99303045e-01
8.67939336e-01
9.99083836e-01
9.91690287e-01
9.99999927e-01
9.99649897e-01
7.18474590e-01
6.01112268e-06
4.34315679e-04
9.94597047e-01
9.98729493e-01
9.99081123e-01
9.99999271e-01
1.19247771e-05
2.50509295e-03
1.22694727e-01
3.34665301e-02
2.21677985e-01
9.99999992e-01
9.29805969e-01
7.33614799e-01
3.42366187e-10
5.95075118e-06
9.36455726e-01
2.18208458e-04
1.21453935e-05
9.96183369e-01
9.85721470e-01
8.61831305e-01
6.47582961e-03
9.99999336e-01
1.69066068e-05
3.10032684e-03
7.44565509e-01
6.16498147e-07